25 100
10 3 5125 80 10
6
7
6
1
4
1
4
8
8
6
50 4 8888 70 30
41
7
4
18
27
26
46
42
34
48
2
43
20
40
43
44
13
16
3
16
6
28
31
2
15
19
27
10
20
17
100 5 1123 10 50
65
84
35
41
17
22
29
19
85
45
39
46
25
4
68
47
9
64
49
25
2
7
12
67
49
37
2
76
72
5
64
54
99
26
69
41
28
87
76
26
91
12
51
60
45
4
13
33
59
84
1000 7 9161 20 100
838
239
513
887
758
699
937
273
174
124
904
452
852
623
707
74
460
917
335
423
950
738
931
469
582
192
485
708
77
206
34
322
435
854
94
278
253
13
732
650
504
284
608
132
129
776
912
80
82
297
813
92
371
423
313
511
569
329
998
229
707
380
834
121
389
487
642
568
567
656
869
384
468
538
65
716
928
251
179
499
536
536
525
528
67
752
473
185
542
966
135
863
919
684
688
667
255
686
702
724
3000 10 192 80 1000
82
1501
2326
2054
1459
506
131
1852
1357
1304
446
2731
467
1775
1497
760
2743
1242
353
477
832
171
2406
52
2568
358
2372
436
1425
2779
2517
480
392
1799
558
2788
544
1217
1519
1725
1971
445
1901
2296
2108
51
600
1985
25
2607
170
1900
1528
853
1213
873
2254
1132
1299
2002
2550
2310
1822
589
2978
595
772
556
2021
2072
2127
1235
2687
283
2929
470
125
1530
1683
1215
1910
2596
2650
911
1834
1619
501
1991
1481
1328
2189
2036
784
2097
2765
2005
597
2053
567
308
316
362
1301
1642
2199
1889
1140
2046
24
2754
2194
2118
1690
2525
2235
1851
684
991
1046
492
2820
555
2381
93
719
4
1137
2735
620
2148
132
1730
2315
1623
794
2452
372
50
295
43
2342
2979
19
528
597
229
1087
1048
965
2966
1645
2065
2477
146
15
182
1970
2634
1470
2104
1740
1964
1655
863
800
1503
1666
59
2980
1679
1707
2537
1869
1188
2570
936
2379
2911
1928
244
1055
2954
768
2987
1923
2570
2003
1913
2356
1578
77
1187
299
1655
785
385
2997
1689
1354
1650
1878
2771
931
569
999
522
1881
1863
1383
987
1875
1187
2983
878
2120
1286
61
2444
2639
7
701
1664
568
545
2580
2904
2743
500
537
51
1751
474
2851
2061
2477
751
2310
1468
1871
1058
1488
2873
1468
697
1981
778
2774
1750
2358
2602
1348
2755
2666
296
569
2142
841
1307
470
504
208
523
986
221
2982
2126
2472
1625
1750
231
976
2052
794
564
2530
1148
881
758
790
1539
1191
2212
2991
2485
1761
2736
371
1344
2140
460
482
2550
1896
2521
391
2669
1498
1328
1219
1920
2662
1032
2821
2
266
550
1431
2232
1663
215
274
2278
838
2667
189
764
1280
2830
2802
600
935
897
2389
1682
1171
2523
832
1905
2842
2022
1513
2146
5
2532
2823
2625
2173
1941
789
1628
1885
1133
1358
158
838
2161
311
146
2297
500
2065
2371
1247
2145
1394
784
2583
1741
2131
2405
2701
440
2724
1708
2029
2429
1295
1142
384
1003
1240
1551
1909
1497
1145
241
2340
959
1991
2168
2589
810
2647
1991
2007
667
1407
2407
2204
1528
952
1656
66
587
2049
2159
996
1013
104
144
2518
821
1232
30
1581
2626
1368
1561
1249
2174
2151
2899
2962
324
1351
2779
1494
377
846
634
1866
2839
586
407
2546
2706
174
1123
1265
2829
1499
12
380
2234
730
2259
2670
446
1661
2049
1992
876
1032
1140
1011
158
394
1408
1944
194
357
805
624
1362
1332
2710
2220
262
249
2465
2295
683
157
1881
2816
1274
1547
1318
1832
2088
2130
2543
1050
2762
2465
1687
2666
2526
608
1479
2672
2489
2476
216
1366
1565
997
534
721
1386
405
2933
1900
2151
2468
911
1651
341
160
2448
2540
2284
1623
2278
29
1283
2559
1873
1239
325
1223
1372
292
2458
1771
2227
2830
148
2275
1999
1578
575
845
649
946
1794
2494
426
437
575
43
168
162
266
1333
1411
384
207
1006
2787
1555
1949
629
132
809
880
2449
2767
1521
2150
1873
1817
2526
2678
1726
2739
857
1972
2470
107
1560
1351
1339
2381
1305
1185
2281
275
2069
2263
301
1093
2737
1801
1150
1876
2660
1843
1593
1613
1888
228
294
2506
2646
316
2983
1066
308
1731
713
991
54
484
1655
2938
495
1652
330
523
1169
2570
68
2372
2642
1141
1408
2331
1920
1965
2024
1649
1830
573
327
1802
1612
733
1458
2206
1937
1188
1627
1800
1651
1551
2413
1382
1271
1134
1716
155
1035
707
1596
859
1690
1543
1947
994
2962
1131
1246
314
1769
1613
730
487
744
1801
1275
2547
2732
1217
2812
1584
1324
2782
1151
2546
173
1551
1534
1289
1745
1861
2854
545
491
2879
839
2513
2636
2793
1266
1553
344
534
1040
1621
1251
2871
1156
2138
754
1303
690
2104
286
2332
2787
27
2629
2113
1606
268
1852
335
18
2503
2432
1950
1528
777
2839
1849
161
1910
2452
351
248
2362
2712
147
2340
1217
2536
2976
2693
2033
2173
334
274
1130
1061
705
149
799
1384
1466
1451
387
2855
2132
1391
1887
2434
2773
2508
604
242
2031
159
785
778
1596
2335
650
624
2257
831
2404
2922
301
2429
2806
1809
289
2349
808
805
2370
2725
461
1164
1394
2468
706
2096
108
2120
1501
2432
2701
2419
2386
138
2209
949
208
2672
862
338
564
1241
760
124
147
1366
2557
1898
1687
1319
13
2129
2375
193
872
1431
2840
311
2016
479
2236
2140
1296
553
2633
168
1801
2260
1738
1314
1967
1421
652
1150
2959
2977
108
96
2744
1151
889
2185
515
229
2767
954
1303
2362
2127
2253
2530
350
551
2514
1733
1187
2592
855
1182
1473
1327
1207
1916
2447
1668
1552
2136
1502
532
2271
2591
2600
2817
1830
760
1233
2830
1001
772
774
1940
813
971
2383
2659
195
1863
507
676
1865
2656
1964
817
1191
2090
690
1913
1766
608
2777
916
2964
70
1708
1784
1598
2473
2195
1182
373
2720
1028
736
475
1102
2848
937
2003
1225
393
2410
612
1728
1282
1009
2290
2706
507
928
2515
921
1782
1303
1924
2799
328
1897
2286
2863
2903
2892
2497
2207
2309
831
1072
2054
15
2627
236
2249
1357
2348
114
1331
2782
2681
1016
1340
1134
57
427
2674
2079
632
306
744
1921
269
2224
2209
618
469
2965
15
1048
1392
1160
1484
603
1248
647
742
1386
1006
2454
1011
646
2362
590
537
1842
1378
847
478
84
2798
2419
2409
2140
2625
646
945
1862
2286
2940
997
903
1879
1628
2679
2283
479
1743
93
1173
1636
10 3 6 60 10
5
3
7
3
1
1
1
1
3
2
10 4 7 70 20
7
6
8
1
3
6
8
7
5
7
6
10
2
4
6
4
7
5
1
2
1002 8 28 80 390
581
222
683
70
888
97
456
957
854
164
750
822
373
209
597
689
690
183
166
650
995
293
344
278
794
306
868
217
542
984
36
901
222
920
206
688
520
227
160
937
565
68
149
716
260
871
639
533
446
19
989
496
924
628
956
934
558
588
207
996
505
738
872
657
174
215
777
537
29
43
758
155
995
396
343
997
829
82
544
979
274
259
851
858
416
403
998
442
797
483
827
737
326
993
900
977
686
692
874
304
347
792
195
41
969
317
466
778
269
868
394
337
640
884
907
699
364
780
694
875
855
297
241
693
194
205
591
217
491
718
194
468
362
700
760
99
945
431
402
165
469
561
322
436
935
38
855
15
332
514
711
657
863
78
54
525
791
184
951
613
362
443
12
222
203
835
836
577
342
858
999
348
842
70
96
451
394
872
677
931
824
377
338
667
613
180
44
220
432
362
662
193
503
672
163
306
35
557
926
950
703
536
643
438
522
944
770
174
616
169
463
165
692
568
622
529
869
600
3
654
192
511
550
284
31
883
190
865
347
324
636
277
823
485
338
795
739
72
550
271
817
844
323
569
771
695
182
996
270
919
608
121
299
973
335
753
623
170
342
348
665
425
210
239
695
916
652
138
903
188
349
216
752
500
950
855
10
438
750
84
679
590
559
151
369
444
109
618
731
464
70
924
442
421
218
808
945
808
619
78
526
471
40
79
313
363
710
254
937
471
380
522
995
300
869
6
774
221
929
853
748
382
713
585
765
541
398
71
181
584
577
199
927
257
494
757
799
87
202
442
952
475
568
51
987
266
222
329
31
717
91
356
92
771
891
620
393
189
347
683
663
391
745
844
445
489
943
999
573
157
730
538
964
702
291
726
414
990
429
731
564
750
989
542
456
6
797
771
379
835
1003 5 29 90 490
291
946
523
850
346
352
867
253
885
32
684
28
234
897
342
901
47
146
130
816
285
499
790
344
788
610
594
28
405
930
392
701
60
467
644
173
4
625
30
73
240
114
867
596
386
21
47
627
890
933
485
121
75
49
150
173
80
129
391
197
4
131
709
67
595
376
451
631
667
45
739
302
669
261
821
862
501
182
319
394
448
659
26
192
718
600
170
485
370
954
781
10
410
55
329
365
102
862
75
4
161
660
378
157
92
1
12
739
413
289
63
203
294
694
411
474
286
33
129
983
517
27
88
28
85
723
81
250
290
65
226
96
577
329
200
928
45
184
101
210
373
18
184
966
312
114
2
169
210
38
204
450
622
436
937
850
370
164
5
67
384
4
536
657
804
153
510
575
578
587
68
95
451
532
216
14
429
436
49
281
801
344
441
750
67
879
301
248
349
288
471
116
302
305
123
667
390
875
788
606
400
49
35
206
148
57
137
96
15
203
33
82
127
240
510
845
354
242
288
433
381
395
58
475
164
195
168
460
380
18
923
317
790
128
1
81
112
836
858
81
528
44
82
265
540
290
898
517
6
759
141
32
170
2
12
265
143
927
510
600
18
371
332
1
67
300
250
164
157
912
188
573
261
289
1000
502
220
71
49
284
555
610
98
853
39
764
5
156
4
531
81
259
293
175
1
46
62
645
75
170
21
785
254
896
52
381
156
130
588
205
142
258
710
248
622
113
56
669
371
506
152
18
5
197
82
302
405
555
810
423
220
7
356
5
528
475
84
366
152
653
305
56
51
124
942
319
451
108
965
638
637
37
330
569
633
49
5
739
669
210
145
137
576
87
506
129
438
977
21
90
864
65
623
667
462
12
259
343
696
403
3
215
637
408
604
746
28
1
369
536
184
138
363
604
124
40
724
240
783
137
216
356
510
405
62
222
425
79
211
197
45
126
602
505
634
240
249
605
21
745
161
640
184
113
49
254
55
621
769
44
184
29
40
474
85
690
417
441
393
136
164
121
53
113
502
965
189
541
140
88
280
716
8
16
563
702
345
323
108
28
87
124
45
419
587
955
588
371
33
499
378
586
81
565
928
441
186
419
683
634
736
341
371
896
950
411
284
161
766
71
10 4 8 80 30
6
9
7
2
1
9
8
8
2
2
3
8
4
9
8
5
4
6
6
6
10
8
5
2
8
8
5
3
10
2
10 4 9 80 40
4
10
5
1
3
8
1
1
10
1
6
9
2
1
4
5
1
5
8
9
1
2
6
3
5
9
7
5
6
10
3
4
6
7
4
10
4
9
7
4
10000 10 50 10 1000
244
6011
8890
8748
4591
8754
2151
191
4369
4307
3315
4653
7224
8777
3248
5657
2772
264
780
4510
6337
9526
856
6952
5035
6396
6618
6177
1560
4885
964
5665
2478
7858
9900
5367
9639
1524
1847
7861
8630
3612
6998
6100
842
9821
2006
4107
1791
7659
5342
1162
2281
269
1201
8492
9693
3578
9362
5743
6111
4945
5048
4780
261
4024
9225
690
4762
204
797
6856
3503
3501
9533
3591
2136
7832
5672
9282
631
5042
9256
3190
3728
6435
9034
9271
3784
6477
9287
7546
979
3862
404
3694
2443
5270
3480
3462
1540
3790
9083
4228
354
1239
2459
4887
8737
8846
1125
1158
9783
4792
1565
5847
8088
2487
2562
9241
7621
6211
4489
9033
36
2239
8695
3988
401
555
1866
4419
2856
6862
2043
4277
1414
2841
5492
8056
4511
6525
6439
1369
3381
2567
8549
6880
1078
5445
7678
4588
1249
6252
4917
6362
1432
9961
7863
4969
1302
1869
4387
2645
3154
2452
9246
5358
7298
3338
8714
1445
7600
1738
4788
4148
611
1306
8428
32
1983
6814
6170
2090
6998
9783
366
7554
3954
2268
1234
4808
2995
4890
4319
314
1840
1567
4906
3050
5276
6591
7132
2206
5615
3582
36
6454
322
4532
7890
4745
523
598
2357
6600
3386
2033
4814
2658
2539
5920
5916
6667
3696
2257
2763
4146
2504
8800
6631
6547
3889
1012
6942
8288
397
7079
4006
5621
8472
9460
564
6798
3896
5710
7526
8752
6709
1075
2158
5262
987
8944
244
7604
1152
5326
6403
2929
6578
264
9144
138
1579
630
4078
4717
3063
9759
2741
958
4752
551
8295
5496
2043
8986
7689
7936
8169
8681
2706
2209
5582
2304
1979
3360
2536
6140
3407
1251
649
3175
4447
2007
2043
7987
2202
7713
9576
2961
1155
9684
6893
617
1857
4884
2376
7846
603
2847
4919
1538
4178
446
1816
3661
5593
2044
2608
9763
1885
5810
3573
4099
9689
9634
6108
3757
3182
6773
9391
467
6503
3693
8396
9273
1229
3192
5357
6046
7337
7769
2040
250
9589
5015
8985
6920
9233
1530
37
7611
1834
3243
1207
6640
9798
1461
2609
4632
2748
1779
5819
9012
6799
6862
5102
4023
6701
2696
3146
4452
1317
8260
8598
4365
7089
9200
2756
2889
1508
3418
812
9022
8728
5059
5149
3118
8982
3308
8918
6094
6177
7976
3352
5676
8302
4352
5602
5532
9179
4800
905
208
450
1907
9633
5734
8098
7819
1693
2023
666
3392
5966
1035
4646
3534
2883
3735
8228
5772
4252
2095
9425
5105
1160
7866
6881
3539
2531
7821
1448
966
8745
5717
1368
7118
2243
6024
2996
6734
8836
8957
4101
7329
3435
529
8161
2363
9214
8417
3348
810
3160
947
4977
5675
9213
6992
3046
5100
8568
5614
4919
3048
6414
8864
2322
8184
2661
308
499
3282
442
5766
8541
9313
4554
6615
2551
6713
3736
4644
3146
5512
6512
6847
788
2583
2974
7087
8954
2601
210
4257
5761
499
1781
7711
8155
991
8560
1450
7235
3926
6618
1728
9870
1574
4345
9413
9566
7619
7481
9428
4453
5584
1461
8681
3845
6689
5949
1517
2860
3622
4130
1922
7502
4976
5652
8179
7901
4451
6316
527
1092
147
8945
8500
8085
9686
2501
1294
392
4700
1534
8331
6305
9207
4219
1323
7482
2980
7502
1910
4122
471
9722
8661
6243
9905
1967
2707
5366
3015
62
7476
2576
8978
9575
2817
8135
3309
161
1631
5786
2856
9983
978
4597
956
6073
3551
1814
2187
4644
2184
8323
7184
788
7442
5149
9907
1172
790
2771
7243
7038
7874
1678
2329
5359
1445
8205
154
828
1497
1604
6414
6072
4283
5206
6430
953
771
9891
1954
5204
5187
157
934
1452
455
541
3409
4235
5100
3000
1151
9010
9299
3636
4830
7214
9118
8302
8771
6149
8565
6272
651
9993
2771
8372
3294
678
6008
9127
460
6240
4136
2613
742
1738
7481
839
7659
9852
3112
6804
3456
8246
4581
4065
862
6260
9258
4437
8800
580
1143
5720
6604
820
7683
9946
1655
2649
2360
4116
9009
6448
5345
7464
1780
7212
7242
4221
3873
4500
2581
4193
1303
4620
1108
1024
9437
2234
4226
1317
2338
7965
9679
3186
7063
4247
2418
1719
8594
218
5012
624
939
2201
4554
489
8569
1890
5470
8894
8490
3814
9079
4201
2374
4356
5823
2823
6866
1461
5401
1692
8054
6546
5539
2089
2345
347
3622
9404
2369
7464
4563
5610
1356
8992
7215
5296
715
4354
9236
9106
9771
1784
8422
665
4765
8399
6199
1475
17
580
351
948
8989
58
7561
3075
4850
2508
8678
8338
9896
7192
1484
111
9501
600
8410
6204
1442
760
4621
9546
1251
759
2938
7033
6493
3965
3381
8201
6458
2124
1017
2894
9176
1303
4421
2442
8051
1168
1196
1941
2423
5765
6562
6585
3269
8362
3443
8149
4305
9132
292
79
686
9697
2392
7819
1105
2137
2212
2007
3568
2938
5781
6767
3427
421
3151
7827
6480
7480
8661
1781
3245
8189
2713
4806
335
9125
1607
362
6656
3397
7152
2799
8195
7103
2168
467
4595
441
2927
2015
4242
5768
750
5392
7302
8464
5250
6969
1227
8374
5617
8652
6930
2948
3332
8811
5960
6157
4367
3065
8114
1063
1718
5976
436
9267
8418
9783
7769
4663
7228
5256
5864
3634
8041
97
6014
9851
1086
2927
9536
9073
4703
769
4749
1881
1000
4288
9803
4717
8235
9421
1267
3525
2082
8433
7055
6222
7955
3355
706
8840
8985
5762
4524
7691
1823
814
7028
6554
3066
9315
1182
6530
9090
140
7737
5381
3181
3828
4607
7804
2717
2377
6946
5815
9849
5974
2271
2561
7750
1851
606
2962
100
3878
4224
8244
288
5769
3338
5233
8136
3831
8680
1600
1633
7870
6263
8277
2646
5652
4657
8992
1455
4554
1979
9634
4419
3301
3418
88
4771
4068
630
4680
9370
9379
6548
7893
5269
6118
9733
6703
5574
3093
3111
163
1477
5426
177
10 3 10 90 50
5
5
3
1
10
6
1
6
2
3
2
6
1
3
10
6
5
5
5
3
1
6
6
5
2
1
1
2
6
5
2
3
3
6
5
3
2
2
5
10
1
5
2
2
6
1
5
2
2
3
20 5 11 90 50
6
6
15
7
3
6
5
1
4
7
3
16
1
11
9
19
16
18
3
15
6
1
13
16
4
8
2
1
7
17
3
3
2
10
6
2
6
5
5
10
5
5
13
3
6
10
5
19
15
5
30 4 12 80 90
10
11
8
5
19
7
18
29
29
2
15
25
11
18
18
22
1
12
19
10
22
18
18
17
12
26
8
14
4
30
11
28
20
22
6
1
15
15
25
8
26
24
13
16
14
2
23
25
24
30
26
2
7
8
29
10
12
2
12
20
27
2
8
12
7
1
2
20
28
5
3
14
7
17
1
6
8
16
30
7
30
8
9
14
22
6
1
7
9
1
10 5 13 70 80
3
2
7
3
10
8
7
10
3
5
3
1
2
3
10
9
8
1
3
6
10
2
5
1
3
4
1
7
10
8
5
9
8
7
5
4
3
4
3
3
7
1
2
7
7
10
1
4
10
10
5
4
2
8
2
5
3
3
8
5
3
10
4
6
5
8
9
8
8
4
4
9
4
9
7
5
3
6
8
1
1500 10 31 20 590
663
1286
577
194
1500
584
774
38
1057
575
1109
356
136
236
212
1225
1321
1181
1267
1351
576
808
618
231
1075
1106
597
474
637
694
140
883
1334
557
1103
787
818
541
1169
1292
299
947
533
1067
45
564
1195
695
1072
985
95
1434
1090
37
1093
204
1449
50
589
578
157
1364
1014
1192
1237
1117
1110
1457
990
911
864
846
98
1338
244
683
673
719
392
670
710
1151
1298
904
794
986
840
114
380
1497
1365
358
861
703
1230
59
781
1242
1044
248
388
338
1474
1170
85
1376
583
525
547
283
478
537
585
568
54
1394
1121
380
117
636
1468
937
277
467
1478
582
864
132
290
1313
126
1299
245
1371
744
678
308
626
211
724
712
614
1371
1120
1229
486
1490
70
1416
844
417
1321
1005
305
321
818
726
322
50
173
699
1051
1083
4
1424
1387
744
1001
1418
1313
1403
580
173
1149
1103
86
533
804
1101
492
1311
758
535
77
49
342
1448
226
1019
914
63
273
777
1428
370
602
287
980
1083
157
1015
874
31
1004
863
910
578
755
1183
685
787
1388
1044
1149
546
759
732
572
253
585
792
869
250
19
16
895
907
159
1487
1096
454
738
229
890
6
376
1139
1431
1386
46
1219
1322
1256
1325
945
1338
1149
1264
1404
806
1071
355
1346
1322
1408
649
906
552
580
414
1075
237
1409
1037
135
918
6
241
1411
1128
959
157
30
569
1326
942
1473
608
789
654
175
1086
1415
702
1051
885
1459
440
94
261
13
1113
1273
131
19
742
110
931
812
1228
1428
1205
508
542
471
1354
1396
104
333
95
1007
1205
763
1479
67
1322
677
525
805
828
453
1215
946
975
917
79
1367
1341
1008
1156
1267
192
936
1079
300
979
1142
473
1476
179
1158
254
980
1048
1264
988
497
1488
1274
1346
1453
1110
1210
585
385
1422
480
120
922
2
883
1190
535
1292
837
746
1031
464
646
543
524
290
1331
88
351
1277
1128
765
1285
924
375
199
974
714
1272
274
201
1147
392
1274
739
436
171
924
527
36
300
784
380
432
814
397
1017
1010
404
289
873
659
601
350
170
1167
285
727
875
779
1271
311
332
532
297
1302
937
1001
1174
1043
206
789
174
316
78
421
1414
471
111
761
650
443
1174
1200
104
758
694
1474
763
1155
234
1193
443
35
287
1414
862
612
433
542
776
1002
397
1478
177
802
1081
91
772
1004
442
9
1248
1296
476
1455
1227
1478
646
679
145
118
603
442
1049
1295
566
120
338
981
372
1313
520
1464
889
628
644
732
14
199
1202
124
864
289
1007
1108
1157
449
80
609
520
833
1291
706
196
1223
1022
183
385
958
658
1222
486
1466
593
683
1426
84
296
1427
1376
1367
4
1365
1016
553
1325
1323
491
254
142
1319
991
1304
900
937
1377
461
846
427
31
1207
1301
212
1217
320
934
414
813
249
1161
206
596
1145
92
112
1401
553
704
600
341
971
1012
822
266
411
1261
715
370
1200
1281
517
824
665
282
318
1194
70
908
1248
1045
1059
180
864
1500 5 32 50 590
671
1195
652
1453
988
1376
512
1316
1418
902
22
389
589
786
65
1140
177
1346
61
485
363
1203
566
1440
546
793
741
826
198
1229
252
1358
941
1429
1392
177
559
82
56
279
265
249
797
819
19
7
1147
788
576
888
1081
609
143
257
1460
267
1309
773
1129
1229
653
781
912
550
412
1131
122
577
665
1243
1482
1386
367
322
190
1385
1026
1099
857
997
388
329
715
727
1057
1476
570
57
184
578
167
898
1219
459
1460
800
952
908
592
486
1249
976
1286
1447
368
1367
369
1308
1382
1494
281
20
471
260
192
110
31
556
109
1442
430
1316
166
212
1110
427
236
768
337
925
1282
349
591
1215
86
657
1486
78
502
344
1240
1470
503
745
947
436
1366
605
978
1484
362
735
448
348
824
1297
806
453
297
896
1488
708
89
627
866
810
1072
884
442
265
1251
879
120
341
1157
14
1095
156
400
1395
416
459
1054
1017
183
963
11
295
218
1415
627
556
1184
896
1095
1397
760
1131
954
691
645
913
859
1288
566
1213
1403
97
647
503
954
70
190
287
1219
1033
8
1194
37
1290
89
1467
539
103
1095
1414
1145
1437
118
291
320
133
261
1489
273
69
1429
1162
1186
794
506
396
1181
59
609
150
395
1390
1202
480
1087
1242
576
811
476
354
675
283
100
1269
925
1144
254
525
673
916
311
1224
280
612
1073
76
265
1424
1332
804
941
551
779
1333
282
1238
936
828
1077
228
1180
1491
315
1170
794
1322
742
1173
972
224
694
294
372
959
1075
1406
1308
1402
1208
786
608
551
803
725
829
1363
743
382
1116
1105
112
174
422
1228
657
4
1036
383
17
744
388
598
957
262
735
830
1090
408
1335
431
716
751
188
1267
1495
1054
1
138
409
533
1239
1322
250
826
130
1345
1448
1051
733
693
1395
629
1175
193
522
1346
480
201
745
276
1378
805
93
184
1125
1235
671
840
556
8
508
891
889
1233
22
848
540
583
369
10
929
468
1305
665
679
27
1214
1131
1342
723
333
887
340
535
1055
668
684
900
1157
1207
1446
644
705
810
269
1349
983
355
275
47
1245
583
61
999
71
911
419
536
394
750
521
1307
347
970
598
316
656
404
466
241
864
102
809
123
1133
488
546
1453
172
53
1406
1172
193
223
32
134
578
1332
235
366
869
226
1283
378
187
532
327
969
1356
70
659
1172
1128
19
602
277
530
893
1237
1367
704
313
60
1418
1089
741
65
498
885
600
489
1197
124
1492
757
1112
736
1051
979
388
997
110
235
821
817
1326
722
798
670
1258
1372
37
924
251
1053
664
431
339
819
368
215
317
1453
505
1147
738
443
1344
1459
766
296
790
891
1405
645
82
492
420
357
1120
806
136
18
29
489
215
1491
276
294
1174
397
452
621
1430
656
498
655
161
271
459
1452
674
1065
1010
1316
86
941
934
1231
43
306
1311
1127
427
640
596
32
475
63
1407
245
946
304
1273
1277
105
254
389
393
248
623
834
742
1320
1500 6 33 70 590
634
768
1105
135
754
802
877
488
348
1391
199
872
260
887
291
244
219
17
844
859
600
1422
939
390
836
381
643
1135
418
1054
299
932
184
491
120
1247
882
547
753
1350
18
1362
435
563
1319
886
642
295
1398
569
706
385
570
960
1117
706
483
212
1215
107
164
920
499
827
886
444
871
56
1458
281
445
407
335
996
1489
197
1427
392
830
1433
136
476
429
954
963
408
624
1023
370
1335
380
925
630
757
1011
167
1455
17
956
176
713
1303
278
276
769
613
302
904
1166
977
1098
476
303
1273
879
1296
396
1059
168
252
1243
853
155
1402
728
887
1334
171
513
620
1411
1009
1324
1026
382
911
1006
41
346
393
81
729
1151
10
1484
52
554
396
1495
1178
257
729
692
62
385
11
1376
1347
661
730
615
172
686
1081
536
95
641
378
1324
734
101
685
1304
409
876
385
939
155
738
1438
74
384
437
518
403
119
1043
645
977
1288
440
1061
793
24
1078
298
241
1025
149
300
1295
720
259
388
995
1496
28
574
597
1481
457
1367
493
1350
373
1451
1228
1233
156
677
182
977
155
1203
536
1238
519
315
1312
408
1304
23
981
1080
1065
1056
1151
1470
1345
1194
635
1182
870
324
575
1493
1094
578
552
886
212
646
673
120
1246
938
1300
640
1052
330
1033
1471
565
724
1209
155
542
528
902
98
253
685
917
1189
834
1461
20
1086
110
196
411
1333
1226
193
1175
146
315
1173
1366
308
124
547
222
728
1019
1001
1390
80
937
1392
343
568
1149
293
88
1095
1090
1137
166
548
999
1102
746
1380
1049
574
964
1024
769
103
60
1455
1086
1118
1427
1482
728
828
787
247
766
376
59
1347
764
897
1472
722
128
638
442
775
1399
446
529
1477
1421
1385
638
616
177
1308
923
979
115
838
1353
1405
162
1228
1126
1443
1243
703
918
984
497
606
21
349
1285
458
1344
1072
927
22
248
446
587
1367
256
89
680
690
1421
1255
591
697
728
1281
661
1179
1117
979
78
25
337
68
1148
272
30
177
118
478
1260
528
596
98
219
1307
1281
671
771
93
1370
953
884
1420
695
1030
896
904
1460
628
1270
1459
497
221
1130
1389
104
1102
1465
368
1393
1003
416
345
67
1075
680
1011
1310
1106
482
744
569
641
978
192
62
148
891
618
1057
1021
524
207
1192
443
51
272
1186
791
126
1081
256
545
1363
1446
271
1020
1408
1007
768
1242
534
1367
312
982
1299
965
296
220
396
757
122
819
999
626
440
1447
378
1011
1092
478
386
1437
562
411
1191
1098
496
605
759
1315
516
974
730
377
107
398
928
563
302
1128
1063
526
1068
318
895
1140
1381
840
478
753
1384
294
1319
553
468
1485
1023
1096
258
1375
464
525
657
48
946
876
693
397
1159
798
641
1392
1424
1354
1155
611
36
1159
1267
1199
240
398
268
160
449
57
470
855
467
328
86
595
198
784
207
1212
478
175
412
326
510
512
464
1272
741
598
659
73
104
846
1200
309
1225
1223
30 6 14 60 70
22
8
11
19
15
19
10
13
21
15
30
18
11
1
19
29
29
22
10
11
23
30
1
18
23
8
24
7
16
3
14
28
9
15
7
2
18
8
7
1
9
13
16
1
16
29
18
29
8
4
25
21
14
12
3
10
16
10
25
19
24
4
6
23
18
23
30
17
22
12
5000 7 47 95 1000
1804
1214
2888
3024
2256
2522
1358
743
4001
200
4918
524
637
3739
2721
1385
132
3884
175
1002
121
371
188
16
579
739
1942
43
1557
465
123
1505
24
2447
2624
3989
99
3570
1712
558
727
808
8
108
5
656
238
4539
101
26
99
1615
1101
8
594
3461
3552
3818
24
371
2312
3717
1904
4237
374
878
3657
191
1770
1942
4407
1821
185
1487
1783
2586
434
935
3934
2034
205
3129
2665
373
1730
180
2576
3755
39
1744
67
4270
224
415
2476
955
1445
195
4855
141
766
877
1027
362
3607
740
1996
3935
1187
31
26
219
660
735
182
4847
2257
2434
3589
1967
1347
382
259
1151
393
19
1
66
1586
930
1403
3628
157
705
4041
19
1526
10
2401
537
73
161
111
14
334
3049
1911
2535
1815
53
652
175
295
2329
1755
3655
2692
2372
631
3531
502
243
373
534
550
185
368
1014
2309
781
1860
345
109
132
674
2628
3531
1883
442
21
3176
737
637
446
3524
1199
2553
1583
95
938
245
1
395
3524
148
506
1093
4506
507
4362
1920
2024
4398
26
35
292
69
2284
66
170
209
872
1655
4632
1355
2612
1338
1209
2447
4519
2523
2463
4205
2066
4338
1701
2585
1093
1134
368
3717
1822
2769
4371
357
383
737
1111
2898
1911
176
3460
4288
2
96
3011
483
2311
2675
4755
4714
4389
3108
3868
3581
3855
368
1
2429
50
2371
152
111
4115
2974
3765
361
1027
1156
2376
4090
129
626
149
2862
31
4502
134
149
3458
334
1271
132
3890
294
3472
1911
1768
520
1731
3200
487
1857
129
1783
2856
292
2745
490
3480
600
2071
917
3953
3202
50
2005
1356
48
8
245
851
4813
109
169
1211
4363
4770
510
2051
2907
3411
790
4077
309
1058
369
1076
361
1175
1593
2423
1130
593
3316
86
2661
3571
1523
102
2673
1
3533
735
34
2462
1650
1541
3240
2870
1303
3565
26
3348
2138
2890
1460
3654
3761
2051
157
246
1676
1872
1303
1199
48
645
2712
512
3871
1445
2511
95
3960
4205
1613
4319
289
3657
24
8
3739
62
409
599
685
243
3620
3298
105
3074
3274
135
4129
1494
16
935
4321
154
4777
1119
2765
40
3063
2881
103
445
476
1347
1259
457
1000
2696
1377
4127
372
277
23
48
382
207
103
54
2952
3457
26
3128
1377
1579
331
75
550
81
175
2803
3481
542
2780
391
834
369
435
1337
102
345
6
753
134
91
3124
1346
74
21
4401
77
4612
2533
35
8
4984
121
415
900
1080
4135
2589
985
1355
169
157
1014
127
1169
167
210
1542
4421
3443
368
3117
464
1973
368
4928
2468
2750
3900
123
185
2286
1039
537
798
710
2637
1433
2847
2804
2842
4429
4134
4511
4356
2362
954
4710
1156
186
901
2024
737
1574
625
1027
152
1320
1671
46
91
1629
869
147
3303
3721
51
663
108
4493
4888
16
12
869
2
2295
961
477
25
442
2369
4222
52
2213
1407
2432
3055
4219
77
283
584
42
569
837
2319
258
4225
3628
824
3173
3933
491
785
915
52
2366
4259
1236
329
152
567
4218
42
2169
1374
1472
686
598
2443
3121
258
3773
3224
3363
4189
774
1330
3856
132
821
1698
1200
3009
101
1478
1182
2
3060
78
373
532
274
156
915
1878
407
415
331
26
3199
130
521
278
848
259
1847
551
3346
4311
986
3243
2930
1421
2
2399
2382
4456
246
49
4859
528
1745
2382
1740
415
2245
291
186
1159
185
1060
2034
2267
1912
295
6
1742
532
55
176
3185
169
26
2227
26
28
3174
1340
269
2338
2370
152
2502
533
360
4711
220
1730
553
3033
2372
3487
283
3294
1172
56
1449
444
2196
769
6
2060
1551
417
373
1480
1944
2654
3476
829
95
1156
400
1293
1297
2019
2137
3870
3090
4522
48
592
1271
3400
4311
2928
4291
152
51
1037
1957
724
191
3121
1385
52
3644
1822
111
1713
1531
111
1030
31
6
2890
180
4136
377
180
4945
45
3081
2248
16
265
1777
1782
2347
2597
810
720
523
4869
44
551
69
1468
681
1794
101
92
999
2500
3024
426
2746
1483
3589
28
2463
2049
4091
4388
2978
700
1821
1735
692
1790
314
1244
1086
1825
4011
598
4341
382
3631
1184
372
566
2594
831
3884
4421
295
118
538
3476
2912
2112
804
2007
345
1507
40
1065
778
4573
181
4146
487
109
3202
1067
34
50
377
1297
1098
255
475
105
1361
129
1003
3485
4766
1794
2428
4433
1977
1106
4611
1027
4307
889
2110
309
1106
1920
238
1043
4316
44
2497
74
827
1713
3758
2881
522
1303
730
495
1273
111
1396
948
2874
148
193
10
1474
1392
880
1309
3383
520
49
1744
761
203
1744
19
1366
3670
159
1872
876
47
1170
328
185
4417
109
1457
582
2851
4029
665
1081
190
4129
3312
2631
554
4760
1810
3016
1973
507
1069
67
8
955
1579
987
478
900
216
3671
1824
35
102
810
246
3891
401
210
414
818
226
4968
4078
833
636
4364
1460
309
3692
4888
335
150
3270
75
111
96
597
1767
174
1835
2770
945
374
4155
3538
1236
1
1325
1583
1247
848
52
446
1207
3310
1297
724
1211
781
54
811
3910
66
3038
725
3985
1000
3601
3615
3363
451
299
140
77
2030
2593
1913
49
606
1648
1702
3328
3340
2828
2463
289
101
47
4271
791
1168
4341
1494
925
1060
2024
477
579
4768
1983
1435
4362
46
4685
1384
78
1030
2395
5000 10 15 80 999
2669
394
1087
2829
226
1535
1654
3646
1227
3275
668
4597
3339
4176
1771
1556
225
563
2588
2369
3480
2622
4072
1009
2688
4655
2825
4214
250
1973
4858
3209
2430
223
3298
2684
1887
3174
1251
336
500
3303
1808
2661
2262
4753
1851
3407
3265
4702
1978
4612
2945
312
2605
3189
762
2314
110
3839
1194
2123
3009
2565
3315
367
4933
4089
1898
2882
3712
2019
949
1287
3178
795
3390
3010
997
888
4562
592
3324
2569
931
3253
2204
4751
2236
2056
3025
972
3000
3394
2625
3714
1872
3982
835
2387
284
2479
1072
1219
4649
3591
2986
1701
697
568
31
2970
1969
2752
1545
1004
78
3474
3362
453
4232
1307
3269
1411
1285
874
2191
1239
1335
2279
3702
4684
243
711
2960
3567
1461
2046
440
277
4284
4898
2318
3735
2079
3148
3835
4609
2383
4464
1922
2187
4457
4902
2288
3992
3786
924
3273
616
3320
4666
2991
779
4662
3169
1463
4198
314
2867
3739
4772
4093
2427
1891
2970
1414
1972
1051
4430
137
1474
147
2064
3803
613
669
653
21
4594
2008
4810
4113
4128
1688
2732
3065
1572
1338
2480
3196
503
1951
2173
2490
3071
2886
4974
4228
2512
268
407
2324
1702
224
3395
726
2182
2921
3195
3686
3961
2528
3410
2956
452
2914
3010
1928
1420
3246
2704
96
2812
2663
951
3883
2317
1940
2159
865
4027
597
908
3715
3770
4091
4303
2801
487
1372
4707
1275
647
1941
435
1498
2231
4761
2318
82
4995
2623
32
352
1911
4694
4920
2396
942
1538
622
2717
1114
2983
1955
333
1777
1822
4971
1701
3646
1911
4923
112
4192
3626
3231
2259
4336
2529
1876
3395
1079
3415
579
1943
523
4666
4427
4394
4371
883
4092
162
2099
3730
229
1759
2161
2825
2996
726
854
4390
3808
1200
3056
47
4461
488
566
4216
495
96
4180
2914
3675
4030
446
4477
4215
2730
1434
586
2002
2068
3343
3986
2062
4999
3461
2668
134
4877
3757
2512
305
2501
3448
1706
1162
4670
821
1541
844
494
1426
464
372
3743
1378
1299
1581
1043
4352
745
2139
1031
21
1141
1682
3082
2010
2511
4054
1073
1278
2335
773
2340
2666
126
4398
3631
2070
2572
3965
66
4634
51
2253
232
2966
568
2134
3877
1087
495
326
182
3545
2676
1361
999
2270
1385
3527
2768
95
119
4023
1623
333
4523
3659
2923
1762
3721
3329
3260
3553
4221
428
1285
3915
4143
2578
451
4538
1030
4024
4137
4442
3236
3052
708
4221
950
4806
1999
994
1067
420
2350
921
3223
2274
71
4601
3146
4035
4575
4954
2894
672
1041
1890
2646
785
4297
2800
1385
3960
357
1531
2128
1275
3246
3495
136
1182
88
3057
4194
538
1830
2059
1306
1470
3826
1242
1806
2175
894
3779
826
2743
4271
1776
1387
3966
3762
3698
603
1575
816
4224
2732
1701
3787
3615
2152
136
616
3369
3637
3513
4869
4710
2956
4284
2101
1168
3516
374
1979
4537
4773
36
4520
1279
1533
4754
389
1499
4222
283
4239
4239
2145
1322
1197
2744
674
4823
3433
1001
1464
839
2829
1814
1949
3702
1814
4304
2438
363
1340
573
4152
2176
444
4691
2644
1380
4783
2656
273
3526
4555
1244
1421
3268
2602
4199
2764
2011
558
3706
2450
1037
3932
604
1684
3812
3750
3318
874
1794
4236
195
4015
756
4538
4862
1926
74
2844
3256
3689
2777
3682
3072
2839
1747
3931
3239
2303
3150
1673
1996
4211
1305
119
4539
4194
987
4844
2577
572
919
744
1585
1545
1174
1835
3029
607
800
3760
988
4057
2499
496
3744
1847
3785
4642
4037
1596
1741
3334
4392
45
894
3126
940
1330
521
2751
454
1758
2139
3517
3270
3365
2861
3625
76
1551
1393
30
2325
3579
2708
3654
1373
1279
1765
7
104
1206
838
1726
1062
1439
4884
4120
1674
3688
3493
3141
4053
4869
1455
688
3853
765
512
4365
2884
2519
889
3275
4909
210
1551
1574
2758
2569
3897
4727
1489
4825
3243
3922
1333
385
3219
336
2120
206
4039
1657
3711
2597
3877
382
2391
4977
4465
1195
4569
1793
4953
232
3340
751
4650
3318
2069
1492
2205
4258
281
714
1097
981
2325
4903
3850
2607
645
4192
2002
3644
189
3634
1511
3508
3075
476
3433
2318
4918
288
2524
312
3531
1266
1715
4785
1385
1718
56
2698
883
3065
1857
1333
16
3751
3605
633
31
3328
4661
1579
463
2011
4132
229
1035
1272
3219
3916
4899
4776
2684
1384
3612
4407
2847
2922
4236
3035
2607
1535
2658
27
479
4858
1850
2626
4902
156
2832
1967
2511
4349
3217
107
2963
2289
2298
3627
1183
2523
4020
3200
1706
4919
1986
4374
298
3111
1523
818
3286
898
4511
2537
4106
2465
135
314
3873
1508
4283
1392
3165
73
2088
1101
2743
4145
2454
2142
1290
3093
3803
382
1076
1548
3067
3082
1985
2524
4438
4020
1008
1648
2703
1565
1142
4952
1498
1209
1829
698
768
3137
347
2604
715
1224
4167
564
3940
84
267
2104
4850
1778
2457
3550
1299
2217
3150
2868
3174
4044
1265
4247
2433
2993
2011
97
4677
892
3347
3605
4315
21
1900
1960
2496
4946
538
991
427
297
2011
377
673
3924
590
2256
1901
3658
1802
4019
711
4267
1716
4617
1966
1530
416
4237
44
1541
1243
417
2473
768
3897
2604
4897
4042
1483
1405
1790
3228
1068
4360
4921
4135
3713
2059
2088
455
439
857
3429
303
2729
46
206
3901
1769
2432
2325
3218
3776
399
979
297
447
596
4900
1410
2366
537
4934
435
1029
4201
3382
3730
1368
1931
785
3074
3385
788
4243
2493
470
2160
1046
2489
911
3303
2598
190
4679
1217
320
56
2762
1130
4137
3111
1512
4001
1105
525
3200 8 999 85 990
2853
2197
412
2912
76
2025
237
241
928
262
2765
1169
449
353
1073
942
2323
2066
719
3010
306
2329
447
827
670
1970
2608
2747
1347
1135
1866
3115
1822
2833
2979
1879
1236
2478
1916
530
3108
2778
1524
3186
2621
363
1384
1646
1199
121
1407
1684
437
3186
1656
2995
3128
1970
1364
2967
1492
1776
1115
2261
397
169
1586
1364
2710
490
1846
2285
1391
3174
612
654
2258
1097
407
1594
1198
235
1261
1219
2727
2905
922
308
1590
1197
2745
1404
2791
328
2344
1694
794
548
3017
677
2460
1310
2875
2777
2901
1368
1820
2178
2901
809
2485
1884
2576
27
2094
659
2959
1519
836
2387
3189
3199
251
653
2829
1181
1072
2853
1173
1541
1558
96
1794
2702
626
2386
2958
2365
1066
2026
2116
2691
2903
3061
2105
655
521
2624
38
1262
2054
2882
2896
1207
1887
2516
2146
1860
338
170
2269
1271
2093
1150
1446
2866
2712
197
1014
1441
1501
2140
454
2100
59
3135
2250
1156
1690
2024
720
16
587
2411
890
2569
3119
249
2119
1823
687
711
2478
2245
1259
927
2020
3087
1490
1963
2053
3020
407
1236
358
165
2770
366
2305
2323
2976
1775
1209
539
2716
2617
625
2064
1763
1009
28
2312
1133
1227
438
2974
2674
1022
497
1111
723
1507
1472
2693
2066
563
2456
2389
207
307
501
1955
2040
728
2579
2107
1800
1476
1295
372
1921
688
816
2750
2172
890
894
960
356
488
11
2658
2226
3023
1828
1775
1554
1669
3117
2379
2486
347
180
2107
2797
2989
1607
2008
3160
595
931
1314
2035
1840
2275
3063
3101
1715
2442
3125
562
2500
308
2303
483
2070
1240
2775
2570
1296
2619
2972
638
606
1348
1077
236
1800
2198
1410
1272
1347
345
2658
1084
556
760
1547
2653
1458
2354
3197
774
893
1561
1948
542
1750
2154
645
511
1229
1872
452
1649
2302
2711
3092
734
41
2785
743
762
1563
1700
308
547
2221
1388
949
470
245
998
1355
3091
1019
1613
1262
3052
1520
169
2348
3055
707
1650
2293
788
2498
1078
1360
2668
1830
670
226
1802
3029
1748
2383
850
1759
767
2711
1125
2581
1152
2501
1709
2693
2716
1490
1191
1003
141
2675
1483
1488
388
3180
523
2618
182
1221
2518
2039
1577
2113
2841
1703
107
1542
2190
3073
1933
223
2967
1722
1221
2041
3183
407
345
1802
2245
1048
2011
1424
2499
794
303
1711
355
2063
354
995
700
1280
1284
519
118
1371
1496
597
2724
1114
1318
340
1652
1169
1353
80
2045
448
3170
1940
618
206
727
794
459
1915
1358
1831
841
701
812
2865
2750
1289
1628
565
572
514
2596
2490
1970
781
1681
2901
424
2847
1427
2305
1785
672
2155
480
3025
2448
1946
2859
2803
1737
65
3059
1425
2198
2773
2721
848
1355
2816
2207
1513
650
238
1700
352
1127
406
645
2665
2950
2609
802
1338
553
354
151
2278
332
2515
2068
1367
564
1323
1026
2869
170
729
572
2023
2055
1396
1565
1127
2461
892
799
1257
1896
2992
2613
167
1448
208
2978
1490
1838
1342
515
501
1603
419
558
1034
2592
2777
1142
2574
2365
2712
2794
2498
1648
2093
1370
2419
2016
1138
1102
78
1621
789
303
1182
303
222
9
1911
1349
2732
2111
351
914
2357
375
187
87
1258
756
1856
710
1314
374
1057
2419
1562
2810
1887
260
355
1495
293
346
947
497
1816
2392
236
594
3043
2012
359
436
2991
2603
2139
835
2889
1115
2372
2790
2025
376
2617
660
1721
1604
2682
1646
953
2819
2244
1202
1952
2563
342
160
2992
3194
1206
1689
2756
993
1539
2433
2560
2070
2669
2944
1749
406
133
608
656
1582
1477
107
1848
1277
2846
819
890
3092
1250
2574
1352
1719
2166
178
2401
966
314
2
1360
1452
1896
1499
80
716
2073
1488
349
2971
922
1579
2756
1728
2636
192
2151
2939
857
2848
106
907
477
1593
333
1809
2956
2805
1416
2246
697
751
2497
835
1277
870
3044
836
891
3044
1715
521
2045
397
1511
1458
3034
1857
267
907
1627
1800
2277
257
1141
1957
597
2217
2806
796
2548
2395
3187
1159
2559
1708
3123
627
1762
719
1409
1431
69
1959
300
1929
2632
3192
14
1820
1229
2713
1818
815
1406
2059
3026
1631
2142
182
2921
1216
1123
2688
6
1508
1978
1720
1342
456
1674
1045
462
144
2808
1986
675
1894
2960
1115
3115
1210
1322
1363
414
3082
1151
1969
2031
50
1332
2570
2291
1645
2408
139
3157
1176
2210
1501
1411
745
1255
1285
2497
283
511
2338
1833
68
567
1636
1799
1873
885
2744
2561
3141
1294
1048
1363
398
1063
1285
2027
728
2057
542
1202
750
300
2168
2527
43
2985
2630
337
974
1532
1605
2930
342
2662
2590
530
3189
491
2790
1317
3098
1726
398
933
2544
2872
2439
2768
2131
2782
2441
1776
489
145
2771
93
2183
2412
1886
2992
1075
1276
1508
1364
1301
2625
405
2296
1033
2629
60
1838
800
1436
939
351
2279
2439
1990
3035
2390
987
2175
2745
1738
3061
552
2969
2921
1864
1145
2523
498
2716
2702
1343
2925
2177
1159
497
2349
1436
602
2209
1513
2560
2818
1707
1643
234
202
2348
501
2514
2320
2070
886
548
673
2503
1301
572
2719
543
1382
539
2375
1186
305
13
1659
447
845
185
431
1366
1209
294
2065
1023
1794
2927
2370
486
722
112
818
1288
1932
1777
1923
2863
1197
3015
1791
1427
1426
2238
546
2814
256
62
385
655
296
1066
1986
2958
464
1156
1012
1345
1406
1591
3122
116
2730
5000 8 412 90 1000
2790
4097
2572
1452
2417
2408
1345
2275
150
4496
3969
1680
1008
1032
442
2006
4908
2489
1831
756
1179
2137
3666
2616
2721
1708
76
4313
3550
4024
173
2878
4055
422
739
1211
3184
1680
4387
2631
1799
4161
744
4039
3427
2667
1481
1778
917
290
4901
4070
299
4768
2191
753
298
832
45
4779
4527
585
1593
1344
1769
2719
1464
2132
4116
3228
3519
2368
1443
4464
3015
505
4857
4315
4403
4773
3676
461
916
1469
1223
538
1085
2690
2175
1794
2431
3528
1565
1336
3017
4414
2569
2886
2119
3909
1430
410
998
1127
2227
1361
643
4793
1942
4537
875
4151
2617
3519
689
4541
1300
1629
2165
289
4006
1214
4098
2556
3852
2066
4441
1966
1131
870
3765
288
978
3582
1664
1551
1585
3059
34
836
246
1424
4639
623
3794
894
1369
1967
3747
4539
2659
4323
3714
1955
1274
473
86
4349
204
1495
836
4994
1263
104
4711
320
2368
4218
741
3440
1311
1029
3843
1742
1419
1557
4971
3144
1615
4437
3158
1560
1307
3305
4484
720
4023
2480
3628
4309
418
3734
452
365
3737
610
329
3730
3566
2378
2601
1971
1662
837
4611
2824
4857
4669
3556
738
2651
2300
1414
4655
4643
3929
2051
1225
2551
1087
3358
215
918
4370
3681
2470
496
3253
3223
217
3954
4019
4647
2071
1912
1050
4227
2737
7
4483
3689
516
2693
1348
4399
65
3142
3204
2892
64
545
1326
2028
2276
4194
2587
2648
4177
2870
1352
4552
3299
4395
2928
3808
1576
772
1008
2126
3870
894
4089
3851
1945
61
1398
4983
4606
3480
4266
1396
4326
593
2295
2905
443
3235
916
3018
905
16
1414
646
3978
2707
1161
1204
2680
499
1069
3706
1672
3620
296
2216
1795
1122
3834
347
1976
3959
3671
4145
2882
2745
612
819
1002
4358
3321
1258
4393
4232
3000
4070
3262
2096
4881
1591
4576
3062
2295
2836
2527
4304
2687
1269
4786
3788
2297
2736
788
4601
3909
674
2548
3256
2149
983
2132
2148
4890
1312
927
4571
3567
2399
3855
4805
1687
3500
437
2286
4299
2325
2383
2119
3006
3453
2130
526
759
22
1225
1964
4387
2271
1896
176
3384
770
4003
1448
1977
702
2182
937
840
4410
3422
558
3531
2915
4515
1982
574
362
2032
4684
3336
4331
104
1597
1099
2251
1484
1199
363
4442
197
4830
2903
751
2802
1120
1177
16
4060
3975
4714
4098
3719
3603
279
1805
3563
3049
4251
4455
4411
3237
3963
2502
1120
2382
4437
2782
1562
3055
1570
2245
1527
3901
453
2714
1802
4842
1627
4978
2838
288
3107
1484
1263
3331
4043
851
2574
1312
1438
1337
4433
28
571
1218
843
1568
1433
3022
3994
1443
1008
3780
767
1513
4090
907
1058
2972
364
3776
2427
4745
2314
1718
3080
1742
1247
1494
3758
2688
3166
929
9
932
2036
2313
2403
426
1802
4565
2207
140
877
1642
1610
559
3920
1993
1255
2788
1904
1547
4914
611
630
4735
1093
2090
3506
4549
2580
4300
1357
3416
3358
1351
3020
1600
3812
2990
825
2372
1253
856
763
4121
1075
166
3687
3046
1446
4478
819
207
4152
4849
4627
4185
1235
1347
3690
2542
4024
3051
4818
1037
4127
978
1160
3325
1183
3739
269
3604
4065
1519
4424
3937
2812
1259
1167
3079
2464
2010
3384
2291
563
2307
3565
2081
595
4047
3290
3855
303
2715
3468
2552
2916
2862
1502
4665
1656
602
2516
4649
1858
4792
1373
1804
1679
3438
4818
1903
3419
2888
1113
1981
659
3173
10
151
623
1259
2438
1378
2079
1975
1902
4363
55
3963
1688
1951
1402
1333
2581
765
2755
3579
29
3450
2018
2993
3604
622
1317
999
2619
4182
3631
2143
4472
291
1373
4910
117
18
119
716
1645
93
2804
2731
2783
1853
2018
2843
3651
3909
4808
3793
3370
4831
664
4979
3829
81
4853
1238
2728
4571
4792
3963
2225
2022
1886
192
3388
3352
141
2338
3256
3248
1646
2734
750
2829
4505
1579
2202
4588
2327
1039
3350
1727
4277
4080
1634
1910
1741
3919
510
1374
4940
4956
4971
3285
1958
4152
2772
4835
2189
1493
2220
1160
401
2835
4025
1855
4847
2172
4242
2930
311
3183
1301
3889
4689
505
109
904
991
2141
4025
4637
716
310
4397
2598
2839
3445
2781
191
2471
4841
1257
1574
2864
841
3640
1260
2985
4973
2551
2380
1998
2459
1965
4331
3007
2009
836
2993
924
3118
3557
2903
1427
2759
3176
4500
4997
4215
3360
2280
756
4759
3419
826
3793
1350
3360
2499
3641
2607
397
1228
3568
2228
3170
4137
336
4600
4260
3436
495
4969
4286
3321
324
2249
1176
1668
1917
40
3624
2460
3603
614
2040
2655
4727
1572
2835
2936
2791
2083
1487
3197
4844
4317
4039
4220
4950
3
4053
3428
2336
39
21
1367
79
2127
2764
4054
2208
4803
4699
2782
4782
269
3262
197
3475
1049
1404
764
4140
3548
2151
3398
208
2195
3602
4602
2454
897
1897
3513
3902
2080
978
275
48
4881
4607
4557
2515
4305
2001
2788
2062
325
3475
3738
3079
1455
2003
2004
2436
4422
47
4615
3854
3420
1469
4130
38
113
3719
4114
1915
673
1096
1296
110
1140
1295
1449
3194
1749
4893
7
1157
4865
2040
1773
254
3571
3546
736
2023
355
1202
2430
4095
3687
2447
424
1567
3015
4748
447
3140
4904
4432
2017
779
4952
4990
3960
4622
4591
3524
3640
3952
2841
3842
3937
4511
3081
853
3909
4663
1990
3004
4819
2233
2154
1546
4582
2033
2265
495
4199
4409
1656
4807
1857
4868
2421
4327
1017
1786
1142
2805
1499
2223
730
3026
1039
2305
296
600
1722
1602
4121
2560
1128
1069
317
4805
3033
2411
3181
4059
3957
2805
4802
3550
3668
1657
1395
2841
3152
4367
3304
3413
10000 10 50 20 1000
244
6011
8890
8748
4591
8754
2151
191
4369
4307
3315
4653
7224
8777
3248
5657
2772
264
780
4510
6337
9526
856
6952
5035
6396
6618
6177
1560
4885
964
5665
2478
7858
9900
5367
9639
1524
1847
7861
8630
3612
6998
6100
842
9821
2006
4107
1791
7659
5342
1162
2281
269
1201
8492
9693
3578
9362
5743
6111
4945
5048
4780
261
4024
9225
690
4762
204
797
6856
3503
3501
9533
3591
2136
7832
5672
9282
631
5042
9256
3190
3728
6435
9034
9271
3784
6477
9287
7546
979
3862
404
3694
2443
5270
3480
3462
1540
3790
9083
4228
354
1239
2459
4887
8737
8846
1125
1158
9783
4792
1565
5847
8088
2487
2562
9241
7621
6211
4489
9033
36
2239
8695
3988
401
555
1866
4419
2856
6862
2043
4277
1414
2841
5492
8056
4511
6525
6439
1369
3381
2567
8549
6880
1078
5445
7678
4588
1249
6252
4917
6362
1432
9961
7863
4969
1302
1869
4387
2645
3154
2452
9246
5358
7298
3338
8714
1445
7600
1738
4788
4148
611
1306
8428
32
1983
6814
6170
2090
6998
9783
366
7554
3954
2268
1234
4808
2995
4890
4319
314
1840
1567
4906
3050
5276
6591
7132
2206
5615
3582
36
6454
322
4532
7890
4745
523
598
2357
6600
3386
2033
4814
2658
2539
5920
5916
6667
3696
2257
2763
4146
2504
8800
6631
6547
3889
1012
6942
8288
397
7079
4006
5621
8472
9460
564
6798
3896
5710
7526
8752
6709
1075
2158
5262
987
8944
244
7604
1152
5326
6403
2929
6578
264
9144
138
1579
630
4078
4717
3063
9759
2741
958
4752
551
8295
5496
2043
8986
7689
7936
8169
8681
2706
2209
5582
2304
1979
3360
2536
6140
3407
1251
649
3175
4447
2007
2043
7987
2202
7713
9576
2961
1155
9684
6893
617
1857
4884
2376
7846
603
2847
4919
1538
4178
446
1816
3661
5593
2044
2608
9763
1885
5810
3573
4099
9689
9634
6108
3757
3182
6773
9391
467
6503
3693
8396
9273
1229
3192
5357
6046
7337
7769
2040
250
9589
5015
8985
6920
9233
1530
37
7611
1834
3243
1207
6640
9798
1461
2609
4632
2748
1779
5819
9012
6799
6862
5102
4023
6701
2696
3146
4452
1317
8260
8598
4365
7089
9200
2756
2889
1508
3418
812
9022
8728
5059
5149
3118
8982
3308
8918
6094
6177
7976
3352
5676
8302
4352
5602
5532
9179
4800
905
208
450
1907
9633
5734
8098
7819
1693
2023
666
3392
5966
1035
4646
3534
2883
3735
8228
5772
4252
2095
9425
5105
1160
7866
6881
3539
2531
7821
1448
966
8745
5717
1368
7118
2243
6024
2996
6734
8836
8957
4101
7329
3435
529
8161
2363
9214
8417
3348
810
3160
947
4977
5675
9213
6992
3046
5100
8568
5614
4919
3048
6414
8864
2322
8184
2661
308
499
3282
442
5766
8541
9313
4554
6615
2551
6713
3736
4644
3146
5512
6512
6847
788
2583
2974
7087
8954
2601
210
4257
5761
499
1781
7711
8155
991
8560
1450
7235
3926
6618
1728
9870
1574
4345
9413
9566
7619
7481
9428
4453
5584
1461
8681
3845
6689
5949
1517
2860
3622
4130
1922
7502
4976
5652
8179
7901
4451
6316
527
1092
147
8945
8500
8085
9686
2501
1294
392
4700
1534
8331
6305
9207
4219
1323
7482
2980
7502
1910
4122
471
9722
8661
6243
9905
1967
2707
5366
3015
62
7476
2576
8978
9575
2817
8135
3309
161
1631
5786
2856
9983
978
4597
956
6073
3551
1814
2187
4644
2184
8323
7184
788
7442
5149
9907
1172
790
2771
7243
7038
7874
1678
2329
5359
1445
8205
154
828
1497
1604
6414
6072
4283
5206
6430
953
771
9891
1954
5204
5187
157
934
1452
455
541
3409
4235
5100
3000
1151
9010
9299
3636
4830
7214
9118
8302
8771
6149
8565
6272
651
9993
2771
8372
3294
678
6008
9127
460
6240
4136
2613
742
1738
7481
839
7659
9852
3112
6804
3456
8246
4581
4065
862
6260
9258
4437
8800
580
1143
5720
6604
820
7683
9946
1655
2649
2360
4116
9009
6448
5345
7464
1780
7212
7242
4221
3873
4500
2581
4193
1303
4620
1108
1024
9437
2234
4226
1317
2338
7965
9679
3186
7063
4247
2418
1719
8594
218
5012
624
939
2201
4554
489
8569
1890
5470
8894
8490
3814
9079
4201
2374
4356
5823
2823
6866
1461
5401
1692
8054
6546
5539
2089
2345
347
3622
9404
2369
7464
4563
5610
1356
8992
7215
5296
715
4354
9236
9106
9771
1784
8422
665
4765
8399
6199
1475
17
580
351
948
8989
58
7561
3075
4850
2508
8678
8338
9896
7192
1484
111
9501
600
8410
6204
1442
760
4621
9546
1251
759
2938
7033
6493
3965
3381
8201
6458
2124
1017
2894
9176
1303
4421
2442
8051
1168
1196
1941
2423
5765
6562
6585
3269
8362
3443
8149
4305
9132
292
79
686
9697
2392
7819
1105
2137
2212
2007
3568
2938
5781
6767
3427
421
3151
7827
6480
7480
8661
1781
3245
8189
2713
4806
335
9125
1607
362
6656
3397
7152
2799
8195
7103
2168
467
4595
441
2927
2015
4242
5768
750
5392
7302
8464
5250
6969
1227
8374
5617
8652
6930
2948
3332
8811
5960
6157
4367
3065
8114
1063
1718
5976
436
9267
8418
9783
7769
4663
7228
5256
5864
3634
8041
97
6014
9851
1086
2927
9536
9073
4703
769
4749
1881
1000
4288
9803
4717
8235
9421
1267
3525
2082
8433
7055
6222
7955
3355
706
8840
8985
5762
4524
7691
1823
814
7028
6554
3066
9315
1182
6530
9090
140
7737
5381
3181
3828
4607
7804
2717
2377
6946
5815
9849
5974
2271
2561
7750
1851
606
2962
100
3878
4224
8244
288
5769
3338
5233
8136
3831
8680
1600
1633
7870
6263
8277
2646
5652
4657
8992
1455
4554
1979
9634
4419
3301
3418
88
4771
4068
630
4680
9370
9379
6548
7893
5269
6118
9733
6703
5574
3093
3111
163
1477
5426
177
